7027_Consensus_1_ORF	TRINITY_DN18600_c0_g1_i13.p1	0.0	1936	1185	99.747	100	1185	1	1185	1185	1
7025_Consensus_ORF	TRINITY_DN12866_c0_g1_i21.p1	0.0	1028	624	100.000	100	624	1	624	624	1
7024_Consensus_1_ORF	TRINITY_DN18981_c0_g1_i2.p1	0.0	2033	1257	99.284	100	1257	1	1257	1254	1
7024_Consensus_1_ORF	TRINITY_DN18981_c0_g1_i1.p1	0.0	1720	1051	99.810	84	1257	207	1257	1125	72
7023_Consensus_1_ORF	TRINITY_DN18981_c0_g1_i2.p1	0.0	2054	1254	99.841	100	1254	1	1254	1254	1
7023_Consensus_1_ORF	TRINITY_DN18981_c0_g1_i1.p1	0.0	1725	1054	99.810	84	1254	201	1254	1125	72
7022_Consensus_1_ORF	TRINITY_DN9320_c0_g1_i1.p1	0.0	1725	1054	99.810	94	1122	1	1054	1365	1
_7021_Consensus_ORF	TRINITY_DN2919_c2_g1_i1.p1	0.0	1684	1035	99.614	100	1035	1	1035	1035	1
7020_Consensus_ORF	TRINITY_DN9205_c0_g2_i2.p1	0.0	2636	1602	100.000	100	1602	1	1602	1602	1
7019_Consensus_ORF	TRINITY_DN2406_c0_g1_i1.p1	0.0	860	522	100.000	100	522	1	522	522	1
7018_Consensus_ORF	TRINITY_DN11209_c0_g1_i2.p1	0.0	1220	750	99.600	100	750	1	750	861	112
7016_Consensus_1-RC_ORF	TRINITY_DN9348_c0_g2_i3.p1	0.0	1373	849	99.411	100	849	1	849	849	1
7005_Consensus_ORF	TRINITY_DN4829_c0_g1_i1.p1	0.0	1788	1095	99.726	100	1095	1	1095	1095	1
7004_seq_verified_Consensus_1-RC_ORF	TRINITY_DN15936_c0_g2_i1.p1	0.0	816	507	99.211	89	567	61	567	507	1
7004_seq_verified_Consensus_1-RC_ORF	TRINITY_DN15936_c0_g2_i2.p1	0.0	651	401	99.501	71	567	61	461	438	1
7004_seq_verified_Consensus_1-RC_ORF	TRINITY_DN15936_c0_g2_i6.p1	3.39e-166	584	357	99.720	63	567	61	417	372	1
7003_consensus_ORF	TRINITY_DN18981_c0_g1_i2.p1	0.0	2054	1254	99.841	100	1254	1	1254	1254	1
7003_consensus_ORF	TRINITY_DN18981_c0_g1_i1.p1	0.0	1725	1054	99.810	84	1254	201	1254	1125	72
7001_consensus_ORF	TRINITY_DN82408_c0_g1_i1.p1	0.0	1215	741	99.865	35	2088	208	948	777	1
7001_consensus_ORF	TRINITY_DN38117_c0_g1_i1.p1	2.17e-137	490	300	99.667	14	2088	1216	1515	300	1
7001_consensus_ORF	TRINITY_DN98239_c0_g1_i1.p1	2.84e-48	194	117	100.000	6	2088	1	117	300	184
7000_Consensus_ORF	TRINITY_DN22183_c0_g1_i1.p1	0.0	1585	966	99.896	100	966	1	966	978	13
7002_consensus	TRINITY_DN23904_c0_g1_i1.p1	0.0	3904	2379	99.916	100	2379	1	2379	2379	1
